10,34
10,177
10,250
10,1
10,128
10,2
10,3
11,23
11,25
11,19
11,5
11,15
11,9
11,1
11,27
11,2
11,3
102,3
102,2
102,1
102,0
101,5
101,4
101,3
101,2
101,1
101,0
100,4
100,3
100,2
100,1
100,0
99,4
99,3
99,2
99,1
99,0
98,5
98,4
98,3
9,7
9,1
9,5
9,2
98,2
98,1
98,0
97,4
97,3
9,3
97,2
97,1
97,0
96,5
96,4
96,3
8,5
8,17
96,2
96,1
96,0
95,4
95,3
8,12
8,1
8,13
95,2
95,1
95,0
94,5
94,4
94,3
8,2
94,2
94,1
94,0
92,5
92,4
92,3
8,3
92,2
92,1
92,0
91,5
91,4
91,3
12,2
12,1
91,2
91,1
91,0
89,5
89,4
89,3
12,3
89,2
89,1
89,0
87,5
87,4
87,3
87,2
87,1
87,0
85,5
85,4
85,3
85,2
85,1
85,0
83,5
83,4
83,3
83,2
83,1
83,0
81,5
81,4
81,3
81,2
81,1
81,0
20,2
20,1
79,7
79,6
79,5
79,4
79,3
